line: 0 1.000 1.000 1.000 1.000 1.000 1.000 1.000 1.000 0.992 0.980 0.988 1.000 1.000 0.988 0.996 1.000 1.000 0.992 0.996 1.000 1.000 0.992 1.000 1.000 1.000 1.000 1.000 1.000 
line: 1 1.000 1.000 1.000 1.000 1.000 1.000 1.000 1.000 1.000 1.000 1.000 1.000 1.000 0.988 0.976 0.976 1.000 1.000 1.000 0.976 0.992 1.000 1.000 0.969 1.000 1.000 1.000 1.000 
line: 2 1.000 1.000 1.000 1.000 1.000 1.000 1.000 1.000 0.984 0.988 0.980 0.976 0.996 1.000 1.000 1.000 0.969 0.992 1.000 1.000 0.992 0.992 1.000 1.000 1.000 1.000 1.000 1.000 
line: 3 1.000 1.000 1.000 1.000 1.000 1.000 1.000 1.000 1.000 1.000 1.000 0.980 0.980 0.996 0.984 0.957 1.000 0.996 1.000 1.000 1.000 0.980 0.976 1.000 1.000 1.000 1.000 1.000 
line: 4 1.000 1.000 1.000 1.000 1.000 1.000 1.000 1.000 0.976 0.996 1.000 1.000 1.000 1.000 1.000 0.992 1.000 0.965 0.925 0.953 0.996 1.000 0.996 0.992 1.000 1.000 1.000 1.000 
line: 5 1.000 1.000 1.000 1.000 1.000 1.000 1.000 1.000 1.000 0.996 0.980 0.973 0.965 0.961 0.984 1.000 1.000 1.000 1.000 1.000 0.969 0.996 1.000 1.000 1.000 1.000 1.000 1.000 
line: 6 1.000 1.000 1.000 1.000 1.000 1.000 1.000 1.000 0.996 0.984 1.000 1.000 1.000 0.976 0.984 1.000 0.757 0.827 0.945 1.000 1.000 0.980 0.973 1.000 1.000 1.000 1.000 1.000 
line: 7 1.000 1.000 1.000 1.000 1.000 1.000 1.000 1.000 1.000 0.992 1.000 0.973 0.757 0.427 0.188 0.110 0.055 0.020 0.259 0.741 1.000 1.000 0.969 1.000 1.000 1.000 1.000 1.000 
line: 8 0.980 0.988 1.000 0.957 1.000 1.000 0.969 1.000 1.000 1.000 0.737 0.416 0.047 0.000 0.000 0.000 0.004 0.000 0.024 0.118 0.871 0.984 1.000 0.980 1.000 1.000 1.000 1.000 
line: 9 1.000 0.980 0.996 1.000 0.922 1.000 1.000 0.973 0.894 0.208 0.016 0.051 0.000 0.106 0.122 0.043 0.000 0.000 0.016 0.000 0.220 0.529 1.000 1.000 1.000 1.000 1.000 1.000 
line: 10 0.984 0.992 1.000 0.957 0.965 1.000 0.973 0.710 0.235 0.035 0.000 0.039 0.490 0.451 0.008 0.020 0.043 0.090 0.031 0.020 0.000 0.071 0.478 1.000 1.000 1.000 1.000 1.000 
line: 11 1.000 1.000 0.984 1.000 0.988 1.000 0.882 0.200 0.000 0.047 0.475 0.851 0.737 0.031 0.102 0.612 0.667 1.000 0.992 0.596 0.027 0.000 0.086 0.808 1.000 1.000 1.000 1.000 
line: 12 0.984 0.965 1.000 0.957 0.965 0.969 0.122 0.027 0.075 0.557 1.000 1.000 0.447 0.000 0.749 0.957 1.000 0.925 1.000 0.757 0.000 0.176 0.114 0.424 1.000 1.000 1.000 1.000 
line: 13 0.988 0.996 0.945 1.000 0.922 0.216 0.063 0.000 0.580 0.996 1.000 0.973 0.576 0.051 0.769 1.000 1.000 0.992 0.988 0.980 1.000 0.886 0.000 0.047 1.000 1.000 1.000 1.000 
line: 14 1.000 1.000 1.000 0.945 0.831 0.000 0.016 0.459 0.969 1.000 0.992 1.000 0.675 0.227 0.714 1.000 0.980 0.945 1.000 1.000 0.976 0.910 0.149 0.000 1.000 1.000 1.000 1.000 
line: 15 1.000 0.980 0.996 0.996 0.408 0.043 0.000 0.780 1.000 0.973 0.992 1.000 1.000 0.871 0.878 0.992 1.000 1.000 0.969 1.000 1.000 0.671 0.063 0.145 1.000 1.000 1.000 1.000 
line: 16 0.992 1.000 1.000 1.000 0.204 0.027 0.024 0.973 1.000 0.976 0.969 1.000 0.984 1.000 0.984 0.976 1.000 1.000 0.937 1.000 0.969 0.451 0.012 0.439 1.000 1.000 1.000 1.000 
line: 17 0.992 1.000 0.914 1.000 0.000 0.000 0.071 1.000 0.984 1.000 1.000 1.000 0.937 1.000 1.000 1.000 0.984 1.000 0.996 1.000 1.000 0.176 0.024 0.659 1.000 1.000 1.000 1.000 
line: 18 1.000 0.992 1.000 1.000 0.322 0.000 0.051 0.765 0.992 1.000 0.988 1.000 1.000 1.000 0.973 1.000 1.000 1.000 1.000 0.953 0.306 0.039 0.125 1.000 1.000 1.000 1.000 1.000 
line: 19 1.000 0.976 1.000 0.941 0.812 0.078 0.000 0.373 0.898 1.000 1.000 0.973 1.000 1.000 0.988 0.996 1.000 0.980 0.898 0.216 0.051 0.098 0.859 0.961 1.000 1.000 1.000 1.000 
line: 20 0.933 1.000 1.000 1.000 0.894 0.318 0.000 0.016 0.106 0.498 0.780 0.855 0.984 1.000 0.980 0.855 0.718 0.424 0.173 0.000 0.231 0.871 0.976 1.000 1.000 1.000 1.000 1.000 
line: 21 1.000 1.000 0.922 1.000 1.000 0.922 0.490 0.020 0.004 0.000 0.008 0.031 0.145 0.137 0.141 0.133 0.043 0.016 0.145 0.796 0.953 1.000 0.980 0.961 1.000 1.000 1.000 1.000 
line: 22 0.965 0.969 1.000 0.996 0.973 1.000 1.000 0.863 0.447 0.169 0.086 0.141 0.208 0.086 0.110 0.157 0.431 0.525 0.949 1.000 0.910 1.000 1.000 1.000 1.000 1.000 1.000 1.000 
line: 23 1.000 0.992 0.976 0.984 1.000 1.000 0.937 1.000 1.000 0.969 1.000 0.988 0.957 0.910 1.000 0.980 1.000 1.000 1.000 0.941 1.000 0.984 0.976 0.973 1.000 1.000 1.000 1.000 
line: 24 1.000 1.000 1.000 1.000 1.000 1.000 1.000 1.000 1.000 1.000 1.000 1.000 1.000 1.000 1.000 1.000 1.000 1.000 1.000 1.000 1.000 1.000 1.000 1.000 1.000 1.000 1.000 1.000 
line: 25 1.000 1.000 1.000 1.000 1.000 1.000 1.000 1.000 1.000 1.000 1.000 1.000 1.000 1.000 1.000 1.000 1.000 1.000 1.000 1.000 1.000 1.000 1.000 1.000 1.000 1.000 1.000 1.000 
line: 26 1.000 1.000 1.000 1.000 1.000 1.000 1.000 1.000 1.000 1.000 1.000 1.000 1.000 1.000 1.000 1.000 1.000 1.000 1.000 1.000 1.000 1.000 1.000 1.000 1.000 1.000 1.000 1.000 
line: 27 1.000 1.000 1.000 1.000 1.000 1.000 1.000 1.000 1.000 1.000 1.000 1.000 1.000 1.000 1.000 1.000 1.000 1.000 1.000 1.000 1.000 1.000 1.000 1.000 1.000 1.000 1.000 1.000 