line: 0 0.000 0.000 0.000 0.000 0.000 0.000 0.000 0.000 0.000 0.000 0.000 0.000 0.000 0.000 0.000 0.000 0.000 0.000 0.000 0.000 0.000 0.000 0.000 0.000 0.000 0.000 0.000 0.000 
line: 1 0.000 0.000 0.000 0.000 0.000 0.000 0.000 0.000 0.000 0.000 0.000 0.000 0.000 0.000 0.000 0.000 0.000 0.000 0.000 0.000 0.000 0.000 0.000 0.000 0.000 0.000 0.000 0.000 
line: 2 0.000 0.000 0.000 0.000 0.000 0.000 0.000 0.000 0.000 0.000 0.000 0.000 0.000 0.000 0.000 0.000 0.000 0.000 0.000 0.000 0.000 0.000 0.000 0.000 0.000 0.000 0.000 0.000 
line: 3 0.000 0.000 0.000 0.000 0.000 0.000 0.000 0.000 0.000 0.000 0.000 0.000 0.000 0.000 0.000 0.000 0.000 0.000 0.000 0.000 0.000 0.000 0.000 0.000 0.000 0.000 0.000 0.000 
line: 4 0.000 0.000 0.000 0.000 0.000 0.000 0.000 0.000 0.000 0.000 0.000 0.000 0.000 0.000 0.000 0.000 0.000 0.000 0.000 0.000 0.000 0.000 0.000 0.000 0.000 0.000 0.000 0.000 
line: 5 0.000 0.000 0.000 0.000 0.000 0.000 0.000 0.000 0.000 0.000 0.000 0.000 0.012 0.071 0.071 0.071 0.494 0.533 0.686 0.102 0.651 1.000 0.969 0.498 0.000 0.000 0.000 0.000 
line: 6 0.000 0.000 0.000 0.000 0.000 0.000 0.000 0.000 0.118 0.141 0.369 0.604 0.667 0.992 0.992 0.992 0.992 0.992 0.882 0.675 0.992 0.949 0.765 0.251 0.000 0.000 0.000 0.000 
line: 7 0.000 0.000 0.000 0.000 0.000 0.000 0.000 0.192 0.933 0.992 0.992 0.992 0.992 0.992 0.992 0.992 0.992 0.984 0.365 0.322 0.322 0.220 0.153 0.000 0.000 0.000 0.000 0.000 
line: 8 0.000 0.000 0.000 0.000 0.000 0.000 0.000 0.071 0.859 0.992 0.992 0.992 0.992 0.992 0.776 0.714 0.969 0.945 0.000 0.000 0.000 0.000 0.000 0.000 0.000 0.000 0.000 0.000 
line: 9 0.000 0.000 0.000 0.000 0.000 0.000 0.000 0.000 0.314 0.612 0.420 0.992 0.992 0.804 0.043 0.000 0.169 0.604 0.000 0.000 0.000 0.000 0.000 0.000 0.000 0.000 0.000 0.000 
line: 10 0.000 0.000 0.000 0.000 0.000 0.000 0.000 0.000 0.000 0.055 0.004 0.604 0.992 0.353 0.000 0.000 0.000 0.000 0.000 0.000 0.000 0.000 0.000 0.000 0.000 0.000 0.000 0.000 
line: 11 0.000 0.000 0.000 0.000 0.000 0.000 0.000 0.000 0.000 0.000 0.000 0.545 0.992 0.745 0.008 0.000 0.000 0.000 0.000 0.000 0.000 0.000 0.000 0.000 0.000 0.000 0.000 0.000 
line: 12 0.000 0.000 0.000 0.000 0.000 0.000 0.000 0.000 0.000 0.000 0.000 0.043 0.745 0.992 0.275 0.000 0.000 0.000 0.000 0.000 0.000 0.000 0.000 0.000 0.000 0.000 0.000 0.000 
line: 13 0.000 0.000 0.000 0.000 0.000 0.000 0.000 0.000 0.000 0.000 0.000 0.000 0.137 0.945 0.882 0.627 0.424 0.004 0.000 0.000 0.000 0.000 0.000 0.000 0.000 0.000 0.000 0.000 
line: 14 0.000 0.000 0.000 0.000 0.000 0.000 0.000 0.000 0.000 0.000 0.000 0.000 0.000 0.318 0.941 0.992 0.992 0.467 0.098 0.000 0.000 0.000 0.000 0.000 0.000 0.000 0.000 0.000 
line: 15 0.000 0.000 0.000 0.000 0.000 0.000 0.000 0.000 0.000 0.000 0.000 0.000 0.000 0.000 0.176 0.729 0.992 0.992 0.588 0.106 0.000 0.000 0.000 0.000 0.000 0.000 0.000 0.000 
line: 16 0.000 0.000 0.000 0.000 0.000 0.000 0.000 0.000 0.000 0.000 0.000 0.000 0.000 0.000 0.000 0.063 0.365 0.988 0.992 0.733 0.000 0.000 0.000 0.000 0.000 0.000 0.000 0.000 
line: 17 0.000 0.000 0.000 0.000 0.000 0.000 0.000 0.000 0.000 0.000 0.000 0.000 0.000 0.000 0.000 0.000 0.000 0.976 0.992 0.976 0.251 0.000 0.000 0.000 0.000 0.000 0.000 0.000 
line: 18 0.000 0.000 0.000 0.000 0.000 0.000 0.000 0.000 0.000 0.000 0.000 0.000 0.000 0.000 0.180 0.510 0.718 0.992 0.992 0.812 0.008 0.000 0.000 0.000 0.000 0.000 0.000 0.000 
line: 19 0.000 0.000 0.000 0.000 0.000 0.000 0.000 0.000 0.000 0.000 0.000 0.000 0.153 0.580 0.898 0.992 0.992 0.992 0.980 0.714 0.000 0.000 0.000 0.000 0.000 0.000 0.000 0.000 
line: 20 0.000 0.000 0.000 0.000 0.000 0.000 0.000 0.000 0.000 0.000 0.094 0.447 0.867 0.992 0.992 0.992 0.992 0.788 0.306 0.000 0.000 0.000 0.000 0.000 0.000 0.000 0.000 0.000 
line: 21 0.000 0.000 0.000 0.000 0.000 0.000 0.000 0.000 0.090 0.259 0.835 0.992 0.992 0.992 0.992 0.776 0.318 0.008 0.000 0.000 0.000 0.000 0.000 0.000 0.000 0.000 0.000 0.000 
line: 22 0.000 0.000 0.000 0.000 0.000 0.000 0.071 0.671 0.859 0.992 0.992 0.992 0.992 0.765 0.314 0.035 0.000 0.000 0.000 0.000 0.000 0.000 0.000 0.000 0.000 0.000 0.000 0.000 
line: 23 0.000 0.000 0.000 0.000 0.216 0.675 0.886 0.992 0.992 0.992 0.992 0.957 0.522 0.043 0.000 0.000 0.000 0.000 0.000 0.000 0.000 0.000 0.000 0.000 0.000 0.000 0.000 0.000 
line: 24 0.000 0.000 0.000 0.000 0.533 0.992 0.992 0.992 0.831 0.529 0.518 0.063 0.000 0.000 0.000 0.000 0.000 0.000 0.000 0.000 0.000 0.000 0.000 0.000 0.000 0.000 0.000 0.000 
line: 25 0.000 0.000 0.000 0.000 0.000 0.000 0.000 0.000 0.000 0.000 0.000 0.000 0.000 0.000 0.000 0.000 0.000 0.000 0.000 0.000 0.000 0.000 0.000 0.000 0.000 0.000 0.000 0.000 
line: 26 0.000 0.000 0.000 0.000 0.000 0.000 0.000 0.000 0.000 0.000 0.000 0.000 0.000 0.000 0.000 0.000 0.000 0.000 0.000 0.000 0.000 0.000 0.000 0.000 0.000 0.000 0.000 0.000 
line: 27 0.000 0.000 0.000 0.000 0.000 0.000 0.000 0.000 0.000 0.000 0.000 0.000 0.000 0.000 0.000 0.000 0.000 0.000 0.000 0.000 0.000 0.000 0.000 0.000 0.000 0.000 0.000 0.000 